 0107958  0001696 
 0100228  0100230 
 0107652  0000945 
 0002889  0109153 
 0000049  0107410 
 0100262  0100249 
 0100214  0100217 
 0100235  0100234 
 0106498  0001198 
 0004952  0109166 
 0100119  0100122 
 0100204  0100202 
 0100213  0100212 
 0100224  0100223 
 0017312  0108461 
 0100202  0100201 
 0100226  0100224 
 0000041  0107717 
 0100219  0100222 
 0014959  0106949 
 0004719  0107321 
 0004039  0108737 
 0108332  0002733 
 0109056  0014927 
 0001225  0004048 
 0100119  0100121 
 0100454  0100250 
 0100092  0100099 
 0100225  0100224 
 0100203  0100202 
 0100214  0100216 
 0100127  0100126 
 0100229  0100230 
 0100219  0100221 
 0100277  0101507 
 0000036  0107846 
 0100141  0100430 
 0003901  0107810 
 0100259  0100258 
 0013355  0015088 
 0108481  0001054 
 0003067  0107347 
 0001575  0109403 
 0100119  0100120 
 0007355  0100262 
 0100215  0100214 
 0100226  0100225 
 0100204  0100203 
 0100215  0100217 
 0100116  0100117 
 0107712  0000406 
 0100219  0100220 
 0010022  0014980 
 0107572  0000428 
 0108260  0014878 
 0100248  0100249 
 0100116  0004587 
 0000147  0108569 
 0110166  0004258 
 0100100  0100099 
 0100093  0100099 
 0100251  0100454 
 0100215  0100216 
 0007355  0100263 
 0100229  0100227 
 0006391  0107582 
 0009812  0109707 
 0100121  0100120 
 0100261  0100198 
 0100167  0100165 
 0100109  0100117 
 0107613  0014853 
 0107775  0000571 
 0100259  0100172 
 0001181  0108829 
 0001919  0107444 
 0100210  0100213 
 0100045  0100044 
 0000598  0107343 
 0004486  0014956 
 0100045  0100047 
 0100089  0100088 
 0007355  0100248 
 0011289  0003639 
 0002917  0107695 
 0100222  0100220 
 0100232  0100235 
 0108754  0011051 
 0100122  0100121 
 0100166  0100168 
 0100198  0100260 
 0100166  0100165 
 0100199  0100198 
 0015100  0104443 
 0100109  0100116 
 0100248  0100263 
 0100258  0100172 
 0003916  0109290 
 0100232  0100234 
 0100265  0100264 
 0100046  0100044 
 0007355  0100249 
 0108611  0000018 
 0000115  0107302 
 0108185  0000040 
 0000206  0004410 
 0001840  0010561 
 0100221  0100220 
 0100170  0100169 
 0100210  0100212 
 0000044  0108403 
 0014037  0013599 
 0100199  0100261 
 0100167  0100166 
 0107796  0000640 
 0100227  0100230 
 0107360  0000011 
 0108471  0003502 
 0108745  0010546 
 0100259  0100173 
 0100248  0100262 
 0001196  0107962 
 0000910  0107912 
 0100127  0100124 
 0003896  0002435 
 0100226  0100223 
 0100233  0100235 
 0100204  0100201 
 0100233  0100232 
 0100046  0100047 
 0100057  0100058 
 0108096  0003032 
 0014969  0004703 
 0100211  0100210 
 0100222  0100221 
 0003233  0109637 
 0100211  0100213 
 0002826  0107763 
 0100126  0100124 
 0100169  0100257 
 0100167  0100168 
 0100199  0100260 
 0108460  0001179 
 0107565  0014892 
 0100173  0100258 
 0100249  0100263 
 0008314  0107619 
 0005568  0108344 
 0100233  0100234 
 0010240  0107650 
 0100046  0100045 
 0100079  0100078 
 0100203  0100201 
 0100211  0100212 
 0100225  0100223 
 0100183  0100182 
 0007634  0022720 
 0014925  0107715 
 0001841  0013173 
 0100062  0100058 
 0100089  0100091 
 0014963  0103430 
 0100078  0100080 
 0110178  0000596 
 0100041  0100040 
 0100052  0100051 
 0100454  0100265 
 0100041  0100043 
 0100085  0100084 
 0100096  0100095 
 0100063  0100062 
 0100096  0100098 
 0100109  0004587 
 0001629  0103301 
 0107489  0000355 
 0100250  0100265 
 0100173  0100172 
 0013938  0108846 
 0004718  0108036 
 0100009  0107477 
 0100063  0100058 
 0014316  0014997 
 0108243  0000347 
 0100078  0100081 
 0100088  0100090 
 0107349  0003289 
 0100261  0100260 
 0100051  0100050 
 0100042  0100040 
 0100053  0100051 
 0000400  0108583 
 0100097  0100095 
 0013923  0005465 
 0108996  0010254 
 0100250  0100264 
 0006529  0108700 
 0014960  0017218 
 0100108  0100117 
 0100079  0100080 
 0100170  0100257 
 0013553  0015093 
 0100251  0100250 
 0100042  0100043 
 0100097  0100098 
 0107669  0001272 
 0107741  0013948 
 0014187  0000139 
 0100044  0100047 
 0107694  0001495 
 0100251  0100265 
 0100122  0100120 
 0007016  0107388 
 0100116  0100108 
 0107308  0003903 
 0100089  0100090 
 0108718  0001193 
 0100165  0100168 
 0100079  0100081 
 0005629  0108377 
 0100251  0100264 
 0100262  0100263 
 0100042  0100041 
 0100053  0100052 
 0100097  0100096 
 0100135  0101315 
 0108192  0000358 
 0100180  0100183 
 0018052  0100107 
 0004587  0100117 
 0100081  0100080 
 0000094  0108894 
 0100070  0100084 
 0002365  0107835 
 0008320  0108801 
 0001897  0107581 
 0100217  0100216 
 0100228  0100227 
 0107966  0002047 
 0100180  0100182 
 0015022  0101868 
 0005010  0107541 
 0015094  0107920 
 0000570  0107570 
 0100091  0100090 
 0108390  0000055 
 0004819  0107736 
 0000207  0014806 
 0001771  0108297 
 0107436  0100010 
 0100070  0100085 
 0006611  0109278 
 0109834  0001910 
 0100092  0100100 
 0000966  0000965 
 0100229  0100228 
 0100109  0100108 
 0007873  0108004 
 0100181  0100180 
 0100181  0100183 
 0109316  0004806 
 0100057  0100062 
 0004307  0109752 
 0100088  0100091 
 0001772  0108143 
 0100052  0100050 
 0015121  0004434 
 0100071  0100084 
 0109610  0014896 
 0100095  0100098 
 0107735  0014043 
 0100040  0100043 
 0000034  0108030 
 0100454  0100264 
 0107668  0001920 
 0100181  0100182 
 0000489  0107524 
 0014972  0003079 
 0100108  0004587 
 0100057  0100063 
 0100093  0100092 
 0100071  0100070 
 0108819  0008319 
 0008343  0017223 
 0100071  0100085 
 0000032  0108182 
 0100053  0100050 
 0100093  0100100 
 0000895  0109336 
 0012599  0001669 